11
sun 0 0 0 0 0 0 1.9885E+30
mercury 7833268.43923962 44885949.3703908 2867693.20054382 -57.4967480139828 11.52095127176 6.21695374334136 3.302E+23 
venus -28216773.9426889 103994008.541512 3012326.64296788 -34.0236737066136 -8.96521274688838 1.84061735279188 4.8685E+24 
earth -148186906.893642 -27823158.5715694 33746.8987977113 5.05251577575409 -29.3926687625899 0.0017097427740129 5.97219E+24 
moon -148458048.395164 -27524868.1841142 70233.6499287411 4.34032634654904 -30.0480834180741 -0.0116103535014229 7.349E+22 
mars -159116303.422552 189235671.561057 7870476.08522969 -17.6954469224752 -13.4635253412947 0.152331928200531 6.4171E+23 
jupiter 692722875.928222 258560760.813524 -16570817.7105996 -4.71443059866156 12.8555096964427 0.0522118126939208 189818722E+19
saturn 1253801723.95465 -760453007.810989 -36697431.1565206 4.46781341335014 8.23989540475628 -0.320745376969732 5.6834E+26 
uranus 1958732435.99338 2191808553.21893 -17235283.8321992 -5.12766216337626 4.22055347264457 0.0821190336403063 86.813E+24 
neptune 4454487339.09447 -397895128.763904 -94464151.3421107 0.447991656952326 5.44610697514907 -0.122638125365954 102.409E+24 
titan 1254501624.95946 -761340299.067828 -36309613.8378104 8.99593229549645 11.1085713608453 -2.25130986174761 13455.3E+19 